# Opmerking: door stationsverplaatsingen en veranderingen in waarneemmethodieken zijn deze tijdreeksen van uurwaarden mogelijk inhomogeen! Dat betekent dat deze reeks van gemeten waarden niet geschikt is voor trendanalyse. Voor studies naar klimaatverandering verwijzen we naar de gehomogeniseerde dagreeksen <http://www.knmi.nl/nederland-nu/klimatologie/daggegevens> of de Centraal Nederland Temperatuur <http://www.knmi.nl/kennis-en-datacentrum/achtergrond/centraal-nederland-temperatuur-cnt>.
# 
# SOURCE: ROYAL NETHERLANDS METEOROLOGICAL INSTITUTE (KNMI)
# Comment: These time series are inhomogeneous because of station relocations and changes in observation techniques. As a result these series are not suitable for trend analysis. For climate change studies we refer to the homogenized series of daily data <http://www.knmi.nl/nederland-nu/klimatologie/daggegevens> or the Central Netherlands Temperature <http://www.knmi.nl/kennis-en-datacentrum/achtergrond/centraal-nederland-temperatuur-cnt>.
# 
# STN         LON(east)   LAT(north)  ALT(m)      NAME
# 260         5.180       52.100      1.90        De Bilt     
# 279         6.574       52.750      15.80       Hoogeveen   
# TG        : Etmaalgemiddelde temperatuur (in 0.1 graden Celsius) / Daily mean temperature in (0.1 degrees Celsius)
# STN,YYYYMMDD,   TG
  260,20230101,  124
  260,20230102,   88
  260,20230103,   63
  260,20230104,  116
  260,20230105,  108
  260,20230106,  106
  260,20230107,  104
  260,20230108,   84
  260,20230109,   70
  260,20230110,   70
  260,20230111,  100
  260,20230112,  103
  260,20230113,   87
  260,20230114,   84
  260,20230115,   62
  260,20230116,   41
  260,20230117,   14
  260,20230118,   17
  260,20230119,   30
  260,20230120,    4
  260,20230121,  -14
  260,20230122,    4
  260,20230123,   26
  260,20230124,   17
  260,20230125,   -7
  260,20230126,   41
  260,20230127,   40
  260,20230128,   32
  260,20230129,   43
  260,20230130,   67
  260,20230131,   64
  260,20230201,   78
  260,20230202,   83
  260,20230203,   92
  260,20230204,   73
  260,20230205,   65
  260,20230206,   31
  260,20230207,   -3
  260,20230208,    1
  260,20230209,   18
  260,20230210,   36
  260,20230211,   77
  260,20230212,   71
  260,20230213,   67
  260,20230214,   40
  260,20230215,   53
  260,20230216,   83
  260,20230217,  104
  260,20230218,  103
  260,20230219,   78
  260,20230220,   81
  260,20230221,   79
  260,20230222,   70
  260,20230223,   64
  260,20230224,   44
  260,20230225,   35
  260,20230226,   25
  260,20230227,   17
  260,20230228,   23
  260,20230301,   16
  260,20230302,   35
  260,20230303,   43
  260,20230304,   58
  260,20230305,   40
  260,20230306,   40
  260,20230307,   21
  260,20230308,    4
  260,20230309,   16
  260,20230310,   17
  260,20230311,   17
  260,20230312,   70
  260,20230313,  127
  260,20230314,   66
  260,20230315,   49
  260,20230316,   86
  260,20230317,  116
  260,20230318,  122
  260,20230319,   94
  260,20230320,   83
  260,20230321,  106
  260,20230322,  108
  260,20230323,  127
  260,20230324,  113
  260,20230325,   94
  260,20230326,   72
  260,20230327,   44
  260,20230328,   45
  260,20230329,  106
  260,20230330,  129
  260,20230331,  107
  260,20230401,   93
  260,20230402,   58
  260,20230403,   46
  260,20230404,   47
  260,20230405,   48
  260,20230406,   67
  260,20230407,   86
  260,20230408,   91
  260,20230409,  109
  260,20230410,  105
  260,20230411,  104
  260,20230412,   90
  260,20230413,   84
  260,20230414,   91
  260,20230415,   89
  260,20230416,   89
  260,20230417,  102
  260,20230418,   96
  260,20230419,  109
  260,20230420,   89
  260,20230421,  107
  260,20230422,   89
  260,20230423,  115
  260,20230424,   86
  260,20230425,   64
  260,20230426,   52
  260,20230427,   79
  260,20230428,  106
  260,20230429,  111
  260,20230430,  110
  260,20230501,  118
  260,20230502,   92
  260,20230503,   93
  260,20230504,  149
  260,20230505,  138
  260,20230506,  148
  260,20230507,  152
  260,20230508,  148
  260,20230509,  137
  260,20230510,  130
  260,20230511,  132
  260,20230512,  155
  260,20230513,  164
  260,20230514,  146
  260,20230515,  113
  260,20230516,  107
  260,20230517,  105
  260,20230518,  102
  260,20230519,  138
  260,20230520,  159
  260,20230521,  169
  260,20230522,  180
  260,20230523,  124
  260,20230524,  116
  260,20230525,  120
  260,20230526,  124
  260,20230527,  147
  260,20230528,  157
  260,20230529,  128
  260,20230530,  127
  260,20230531,  154
  260,20230601,  125
  260,20230602,  139
  260,20230603,  166
  260,20230604,  159
  260,20230605,  145
  260,20230606,  157
  260,20230607,  159
  260,20230608,  178
  260,20230609,  218
  260,20230610,  236
  260,20230611,  245
  260,20230612,  243
  260,20230613,  224
  260,20230614,  203
  260,20230615,  200
  260,20230616,  191
  260,20230617,  205
  260,20230618,  219
  260,20230619,  213
  260,20230620,  221
  260,20230621,  208
  260,20230622,  189
  260,20230623,  202
  260,20230624,  213
  260,20230625,  245
  260,20230626,  192
  260,20230627,  177
  260,20230628,  184
  260,20230629,  186
  260,20230630,  176
  260,20230701,  176
  260,20230702,  173
  260,20230703,  166
  260,20230704,  168
  260,20230705,  143
  260,20230706,  169
  260,20230707,  210
  260,20230708,  247
  260,20230709,  220
  260,20230710,  205
  260,20230711,  215
  260,20230712,  188
  260,20230713,  178
  260,20230714,  193
  260,20230715,  210
  260,20230716,  191
  260,20230717,  173
  260,20230718,  180
  260,20230719,  177
  260,20230720,  171
  260,20230721,  156
  260,20230722,  154
  260,20230723,  180
  260,20230724,  169
  260,20230725,  150
  260,20230726,  154
  260,20230727,  170
  260,20230728,  198
  260,20230729,  188
  260,20230730,  174
  260,20230731,  171
  260,20230801,  171
  260,20230802,  173
  260,20230803,  170
  260,20230804,  165
  260,20230805,  152
  260,20230806,  146
  260,20230807,  154
  260,20230808,  159
  260,20230809,  162
  260,20230810,  178
  260,20230811,  209
  260,20230812,  195
  260,20230813,  180
  260,20230814,  195
  260,20230815,  186
  260,20230816,  187
  260,20230817,  181
  260,20230818,  210
  260,20230819,  218
  260,20230820,  198
  260,20230821,  197
  260,20230822,  182
  260,20230823,  188
  260,20230824,  205
  260,20230825,  192
  260,20230826,  159
  260,20230827,  150
  260,20230828,  158
  260,20230829,  141
  260,20230830,  139
  260,20230831,  152
  260,20230901,  159
  260,20230902,  165
  260,20230903,  161
  260,20230904,  178
  260,20230905,  210
  260,20230906,  217
  260,20230907,  207
  260,20230908,  216
  260,20230909,  207
  260,20230910,  233
  260,20230911,  220
  260,20230912,  197
  260,20230913,  166
  260,20230914,  141
  260,20230915,  149
  260,20230916,  181
  260,20230917,  166
  260,20230918,  186
  260,20230919,  166
  260,20230920,  185
  260,20230921,  155
  260,20230922,  140
  260,20230923,  134
  260,20230924,  139
  260,20230925,  158
  260,20230926,  159
  260,20230927,  174
  260,20230928,  170
  260,20230929,  158
  260,20230930,  147
  260,20231001,  176
  260,20231002,  182
  260,20231003,  159
  260,20231004,  146
  260,20231005,  154
  260,20231006,  161
  260,20231007,  181
  260,20231008,  150
  260,20231009,  176
  260,20231010,  174
  260,20231011,  174
  260,20231012,  155
  260,20231013,  178
  260,20231014,  109
  260,20231015,   75
  260,20231016,   88
  260,20231017,   84
  260,20231018,   94
  260,20231019,  150
  260,20231020,  116
  260,20231021,  130
  260,20231022,  113
  260,20231023,  105
  260,20231024,  114
  260,20231025,   92
  260,20231026,   94
  260,20231027,  104
  260,20231028,  118
  260,20231029,  128
  260,20231030,  110
  260,20231031,  110
  260,20231101,  122
  260,20231102,  109
  260,20231103,   95
  260,20231104,   94
  260,20231105,  104
  260,20231106,   98
  260,20231107,   96
  260,20231108,   93
  260,20231109,   94
  260,20231110,   74
  260,20231111,   75
  260,20231112,   53
  260,20231113,  102
  260,20231114,  119
  260,20231115,  110
  260,20231116,   68
  260,20231117,   51
  260,20231118,   83
  260,20231119,  124
  260,20231120,   98
  260,20231121,   72
  260,20231122,   46
  260,20231123,  112
  260,20231124,   64
  260,20231125,   50
  260,20231126,   50
  260,20231127,   42
  260,20231128,   21
  260,20231129,   24
  260,20231130,   -3
  260,20231201,  -12
  260,20231202,   -4
  260,20231203,    8
  260,20231204,   18
  260,20231205,   18
  260,20231206,   25
  260,20231207,    3
  260,20231208,   54
  260,20231209,   81
  260,20231210,   97
  260,20231211,   92
  260,20231212,   80
  260,20231213,   82
  260,20231214,   56
  260,20231215,   84
  260,20231216,   87
  260,20231217,   86
  260,20231218,   75
  260,20231219,   79
  260,20231220,   86
  260,20231221,   98
  260,20231222,   90
  260,20231223,  103
  260,20231224,  116
  260,20231225,  116
  260,20231226,   76
  260,20231227,   70
  260,20231228,  109
  260,20231229,   93
  260,20231230,   81
  260,20231231,   88
  279,20230101,  122
  279,20230102,   84
  279,20230103,   51
  279,20230104,  108
  279,20230105,   97
  279,20230106,   92
  279,20230107,  101
  279,20230108,   79
  279,20230109,   61
  279,20230110,   63
  279,20230111,   93
  279,20230112,  100
  279,20230113,   80
  279,20230114,   75
  279,20230115,   55
  279,20230116,   39
  279,20230117,   15
  279,20230118,   10
  279,20230119,   24
  279,20230120,    2
  279,20230121,   -2
  279,20230122,    8
  279,20230123,   25
  279,20230124,   16
  279,20230125,  -10
  279,20230126,   31
  279,20230127,   33
  279,20230128,   23
  279,20230129,   38
  279,20230130,   61
  279,20230131,   58
  279,20230201,   62
  279,20230202,   66
  279,20230203,   82
  279,20230204,   54
  279,20230205,   54
  279,20230206,   30
  279,20230207,   -3
  279,20230208,    2
  279,20230209,   15
  279,20230210,   41
  279,20230211,   76
  279,20230212,   66
  279,20230213,   58
  279,20230214,   37
  279,20230215,   41
  279,20230216,   72
  279,20230217,   98
  279,20230218,   98
  279,20230219,   68
  279,20230220,   83
  279,20230221,   90
  279,20230222,   78
  279,20230223,   61
  279,20230224,   43
  279,20230225,   31
  279,20230226,   12
  279,20230227,   18
  279,20230228,   26
  279,20230301,   15
  279,20230302,   20
  279,20230303,   41
  279,20230304,   51
  279,20230305,   34
  279,20230306,   33
  279,20230307,   22
  279,20230308,    1
  279,20230309,   11
  279,20230310,    5
  279,20230311,   10
  279,20230312,   50
  279,20230313,  122
  279,20230314,   59
  279,20230315,   40
  279,20230316,   67
  279,20230317,  111
  279,20230318,  112
  279,20230319,  101
  279,20230320,   82
  279,20230321,  101
  279,20230322,  105
  279,20230323,  123
  279,20230324,  110
  279,20230325,   88
  279,20230326,   56
  279,20230327,   33
  279,20230328,   45
  279,20230329,   91
  279,20230330,  126
  279,20230331,  103
  279,20230401,   86
  279,20230402,   46
  279,20230403,   36
  279,20230404,   38
  279,20230405,   40
  279,20230406,   59
  279,20230407,   76
  279,20230408,   68
  279,20230409,   93
  279,20230410,  104
  279,20230411,   82
  279,20230412,   82
  279,20230413,   75
  279,20230414,   85
  279,20230415,   70
  279,20230416,   99
  279,20230417,  102
  279,20230418,   91
  279,20230419,   91
  279,20230420,   86
  279,20230421,  130
  279,20230422,  115
  279,20230423,  116
  279,20230424,   84
  279,20230425,   58
  279,20230426,   50
  279,20230427,   69
  279,20230428,  100
  279,20230429,  106
  279,20230430,  101
  279,20230501,  120
  279,20230502,   77
  279,20230503,   77
  279,20230504,  129
  279,20230505,  133
  279,20230506,  138
  279,20230507,  141
  279,20230508,  153
  279,20230509,  153
  279,20230510,  132
  279,20230511,  128
  279,20230512,  154
  279,20230513,  154
  279,20230514,  146
  279,20230515,  119
  279,20230516,  100
  279,20230517,   85
  279,20230518,   94
  279,20230519,  131
  279,20230520,  149
  279,20230521,  175
  279,20230522,  176
  279,20230523,  113
  279,20230524,  108
  279,20230525,  110
  279,20230526,  106
  279,20230527,  138
  279,20230528,  145
  279,20230529,  116
  279,20230530,  121
  279,20230531,  145
  279,20230601,  117
  279,20230602,  147
  279,20230603,  149
  279,20230604,  144
  279,20230605,  140
  279,20230606,  145
  279,20230607,  148
  279,20230608,  163
  279,20230609,  205
  279,20230610,  212
  279,20230611,  236
  279,20230612,  222
  279,20230613,  205
  279,20230614,  196
  279,20230615,  197
  279,20230616,  189
  279,20230617,  190
  279,20230618,  216
  279,20230619,  209
  279,20230620,  218
  279,20230621,  208
  279,20230622,  189
  279,20230623,  199
  279,20230624,  212
  279,20230625,  241
  279,20230626,  192
  279,20230627,  168
  279,20230628,  164
  279,20230629,  192
  279,20230630,  179
  279,20230701,  171
  279,20230702,  166
  279,20230703,  163
  279,20230704,  159
  279,20230705,  141
  279,20230706,  160
  279,20230707,  197
  279,20230708,  237
  279,20230709,  227
  279,20230710,  198
  279,20230711,  220
  279,20230712,  182
  279,20230713,  170
  279,20230714,  183
  279,20230715,  212
  279,20230716,  183
  279,20230717,  168
  279,20230718,  177
  279,20230719,  170
  279,20230720,  157
  279,20230721,  151
  279,20230722,  144
  279,20230723,  173
  279,20230724,  169
  279,20230725,  147
  279,20230726,  147
  279,20230727,  164
  279,20230728,  199
  279,20230729,  179
  279,20230730,  168
  279,20230731,  170
  279,20230801,  158
  279,20230802,  166
  279,20230803,  177
  279,20230804,  158
  279,20230805,  148
  279,20230806,  155
  279,20230807,  144
  279,20230808,  148
  279,20230809,  152
  279,20230810,  163
  279,20230811,  202
  279,20230812,  187
  279,20230813,  176
  279,20230814,  187
  279,20230815,  183
  279,20230816,  171
  279,20230817,  171
  279,20230818,  199
  279,20230819,  204
  279,20230820,  185
  279,20230821,  184
  279,20230822,  185
  279,20230823,  182
  279,20230824,  197
  279,20230825,  191
  279,20230826,  158
  279,20230827,  139
  279,20230828,  150
  279,20230829,  140
  279,20230830,  130
  279,20230831,  134
  279,20230901,  141
  279,20230902,  158
  279,20230903,  153
  279,20230904,  167
  279,20230905,  201
  279,20230906,  213
  279,20230907,  217
  279,20230908,  210
  279,20230909,  202
  279,20230910,  210
  279,20230911,  216
  279,20230912,  193
  279,20230913,  146
  279,20230914,  127
  279,20230915,  138
  279,20230916,  166
  279,20230917,  170
  279,20230918,  184
  279,20230919,  159
  279,20230920,  182
  279,20230921,  160
  279,20230922,  143
  279,20230923,  131
  279,20230924,  137
  279,20230925,  154
  279,20230926,  151
  279,20230927,  166
  279,20230928,  169
  279,20230929,  159
  279,20230930,  145
  279,20231001,  169
  279,20231002,  179
  279,20231003,  153
  279,20231004,  139
  279,20231005,  147
  279,20231006,  159
  279,20231007,  175
  279,20231008,  137
  279,20231009,  161
  279,20231010,  171
  279,20231011,  170
  279,20231012,  133
  279,20231013,  174
  279,20231014,  101
  279,20231015,   72
  279,20231016,   85
  279,20231017,   67
  279,20231018,   78
  279,20231019,  100
  279,20231020,   82
  279,20231021,  132
  279,20231022,  110
  279,20231023,   85
  279,20231024,  112
  279,20231025,   95
  279,20231026,   98
  279,20231027,   96
  279,20231028,  108
  279,20231029,  125
  279,20231030,  114
  279,20231031,  103
  279,20231101,  118
  279,20231102,  114
  279,20231103,   93
  279,20231104,   90
  279,20231105,   99
  279,20231106,   96
  279,20231107,   89
  279,20231108,   90
  279,20231109,   93
  279,20231110,   75
  279,20231111,   63
  279,20231112,   53
  279,20231113,   82
  279,20231114,  113
  279,20231115,   94
  279,20231116,   50
  279,20231117,   31
  279,20231118,   57
  279,20231119,  116
  279,20231120,   98
  279,20231121,   69
  279,20231122,   33
  279,20231123,  108
  279,20231124,   45
  279,20231125,   41
  279,20231126,   48
  279,20231127,   31
  279,20231128,   10
  279,20231129,    9
  279,20231130,    1
  279,20231201,  -21
  279,20231202,   -5
  279,20231203,    7
  279,20231204,    8
  279,20231205,    1
  279,20231206,   19
  279,20231207,    4
  279,20231208,   33
  279,20231209,   77
  279,20231210,   84
  279,20231211,   80
  279,20231212,   56
  279,20231213,   70
  279,20231214,   45
  279,20231215,   70
  279,20231216,   77
  279,20231217,   86
  279,20231218,   77
  279,20231219,   75
  279,20231220,   73
  279,20231221,   86
  279,20231222,   64
  279,20231223,   86
  279,20231224,  113
  279,20231225,  105
  279,20231226,   70
  279,20231227,   53
  279,20231228,  104
  279,20231229,   87
  279,20231230,   69
  279,20231231,   82
